latitude = 35.6940027
longitude = 139.7535951
